1418,60
1388,37
1371,37
1362,83
1358,00
1352,57
1348,97
1346,83
1345,37
1342,03
1337,63
1331,00
1327,77
1324,70
1323,80
1322,37
1318,93
1317,00
1315,63
1314,57
1312,53
1310,57
1309,43
1308,97
1307,73
1307,07
1306,47
1306,30
1306,00
1304,50
1304,33
1303,83
1303,63
1303,30
1303,10
1302,47
1301,20
1299,87
1298,37
1297,63
1297,37
1296,80
1295,63
1294,47
1293,73
1293,47
1292,63
1292,43
1291,80
1291,17
1290,57
1290,50
1289,97
1289,83
1289,73
1289,63
1288,93
1288,50
1287,87
1287,17
1287,17
1287,00
1287,00
1286,97
1286,83
1286,83
1286,67
1286,63
1286,43
1286,43
1286,07
1285,47
1285,10
1284,93
1284,63
1284,47
1284,37
1283,83
1283,20
1283,20
1283,03
1282,93
1282,93
1282,70
1282,57
1282,23
1282,20
1281,63
1281,63
1281,07
1281,07
1280,93
1280,80
1280,07
1279,90
1279,73
1279,73
1279,53
1279,40
1279,23
1368,30
1334,40
1322,93
1315,57
1313,73
1310,30
1306,70
1304,07
1303,73
1303,27
1301,57
1300,27
1299,67
1298,53
1297,27
1296,07
1294,47
1293,87
1293,10
1291,57
1291,27
1289,63
1289,40
1289,13
1289,00
1287,97
1287,80
1287,63
1287,27
1286,83
1285,97
1285,60
1285,30
1284,93
1284,63
1284,40
1283,70
1283,10
1283,03
1282,13
1281,70
1280,27
1280,03
1279,70
1279,27
1278,83
1278,53
1278,17
1278,03
1277,50
1276,97
1276,97
1276,87
1276,67
1276,33
1276,20
1276,00
1275,77
1275,70
1275,60
1275,60
1275,43
1275,20
1275,17
1274,87
1274,87
1274,77
1274,60
1274,57
1274,50
1274,07
1273,43
1273,10
1272,97
1272,87
1272,87
1272,43
1271,33
1270,13
1269,90
1269,27
1269,03
1268,77
1268,30
1268,20
1267,93
1267,87
1267,77
1267,67
1267,53
1267,20
1267,17
1267,10
1266,97
1266,90
1266,83
1266,73
1266,60
1266,57
1266,33
1362,27
1326,47
1313,77
1310,17
1306,87
1305,93
1302,47
1299,00
1296,10
1292,10
1291,90
1289,80
1289,43
1288,17
1286,93
1284,63
1283,77
1282,70
1281,83
1281,57
1280,53
1280,33
1279,77
1279,03
1278,10
1277,60
1277,57
1277,43
1277,23
1276,67
1276,33
1275,77
1274,77
1274,50
1274,03
1273,90
1273,43
1272,90
1272,63
1272,53
1272,00
1271,20
1270,40
1270,10
1269,80
1269,57
1268,97
1268,87
1268,43
1268,30
1268,00
1267,97
1267,80
1266,87
1266,47
1265,83
1265,70
1265,40
1265,40
1265,33
1265,07
1264,97
1264,23
1263,43
1263,33
1263,30
1262,93
1262,43
1262,20
1261,80
1261,50
1261,50
1261,33
1261,13
1260,87
1259,80
1259,17
1259,00
1258,90
1258,57
1258,50
1258,50
1258,50
1258,43
1258,17
1258,13
1258,10
1258,07
1258,07
1258,07
1258,03
1258,00
1258,00
1258,00
1257,73
1257,70
1257,70
1257,70
1257,37
1257,37
1363,70
1332,27
1316,83
1313,10
1309,30
1304,80
1299,30
1294,90
1292,03
1289,20
1286,83
1284,80
1282,67
1281,07
1279,77
1279,13
1278,07
1277,23
1275,93
1275,27
1274,57
1274,13
1273,70
1273,63
1273,27
1273,23
1272,17
1271,90
1270,13
1269,80
1269,27
1269,10
1268,97
1268,87
1268,73
1268,53
1268,40
1268,30
1268,30
1268,07
1267,87
1267,30
1266,90
1266,83
1266,77
1266,63
1266,47
1266,43
1266,23
1265,80
1265,70
1265,27
1264,90
1264,80
1264,63
1264,40
1264,30
1264,17
1264,10
1263,90
1263,83
1263,73
1263,43
1263,30
1263,20
1263,20
1262,77
1262,60
1261,97
1261,90
1261,77
1261,50
1261,47
1261,23
1260,80
1260,70
1260,70
1260,57
1260,40
1260,33
1260,13
1259,97
1259,90
1259,90
1259,90
1259,87
1259,87
1259,83
1259,80
1259,03
1258,97
1258,97
1258,93
1257,83
1257,83
1257,73
1257,40
1257,27
1256,93
1256,93
1340,17
1315,47
1307,03
1301,47
1299,23
1296,20
1293,20
1291,20
1290,17
1289,50
1288,37
1287,73
1286,40
1285,73
1283,77
1281,63
1281,53
1280,90
1280,83
1280,43
1280,10
1279,63
1279,57
1279,00
1278,43
1278,20
1277,57
1276,20
1275,63
1275,37
1274,97
1274,73
1274,40
1274,30
1274,10
1273,83
1273,77
1273,27
1273,17
1272,97
1272,87
1272,70
1272,60
1272,60
1271,33
1271,03
1270,53
1270,20
1270,10
1269,70
1269,70
1269,53
1269,43
1269,43
1268,70
1268,20
1268,07
1267,53
1267,27
1267,27
1267,23
1266,90
1266,87
1266,33
1266,30
1266,30
1266,30
1266,27
1266,23
1266,17
1266,13
1265,60
1265,47
1265,33
1264,87
1264,77
1264,77
1264,63
1264,53
1264,50
1264,40
1263,50
1263,43
1263,37
1263,30
1263,30
1263,30
1263,17
1263,17
1263,10
1262,97
1262,93
1262,83
1262,80
1262,77
1262,37
1262,33
1262,30
1262,27
1262,23
1379,70
1331,50
1312,93
1304,67
1301,90
1298,43
1297,33
1293,50
1291,50
1291,03
1289,27
1287,53
1286,40
1283,83
1283,43
1281,90
1281,07
1279,10
1278,37
1278,23
1277,60
1276,63
1276,13
1274,57
1274,47
1274,03
1273,57
1272,97
1272,60
1271,93
1271,77
1271,43
1271,27
1271,07
1271,00
1270,63
1270,10
1269,87
1269,73
1269,53
1269,40
1269,37
1267,10
1266,97
1266,73
1266,60
1266,57
1266,43
1266,40
1265,97
1265,70
1265,47
1265,03
1264,83
1264,83
1264,80
1264,40
1263,90
1263,80
1263,73
1263,70
1263,57
1263,57
1263,50
1263,50
1263,50
1263,47
1263,40
1263,27
1263,07
1263,03
1262,97
1262,97
1262,90
1262,33
1262,30
1262,30
1262,27
1262,20
1262,07
1261,90
1261,90
1261,90
1261,80
1261,73
1261,37
1261,03
1261,00
1261,00
1261,00
1260,83
1260,80
1260,67
1260,63
1260,07
1259,93
1259,93
1259,93
1259,13
1259,13
1364,40
1321,73
1302,53
1297,17
1294,10
1288,53
1287,43
1286,23
1285,07
1283,60
1282,70
1281,50
1280,27
1278,90
1278,17
1276,70
1276,20
1275,20
1273,83
1272,77
1271,67
1271,37
1271,03
1270,60
1270,47
1270,10
1269,30
1269,00
1268,53
1268,13
1267,60
1266,83
1266,67
1266,27
1265,53
1265,20
1264,30
1263,97
1263,67
1263,63
1263,50
1263,40
1263,27
1262,37
1262,27
1262,13
1261,67
1261,17
1261,10
1260,43
1260,27
1259,87
1258,97
1258,50
1258,37
1258,17
1258,00
1257,83
1257,70
1257,50
1257,40
1257,40
1257,23
1256,90
1256,87
1256,77
1256,67
1256,47
1256,23
1256,20
1256,13
1256,00
1255,90
1255,90
1255,53
1255,50
1255,33
1255,13
1254,97
1254,87
1254,87
1254,53
1254,50
1254,47
1254,43
1254,43
1254,33
1254,27
1254,27
1254,27
1254,10
1253,83
1253,73
1253,50
1253,43
1253,40
1253,30
1253,00
1252,80
1252,80
1355,40
1315,57
1300,50
1295,07
1292,33
1287,93
1284,73
1282,37
1277,10
1275,93
1275,37
1273,90
1272,77
1272,00
1271,17
1270,63
1270,33
1270,20
1268,17
1267,77
1267,50
1267,13
1266,60
1265,40
1265,30
1265,27
1265,10
1264,73
1264,13
1263,93
1263,90
1263,53
1263,43
1263,37
1262,77
1260,90
1260,40
1260,37
1259,87
1259,10
1258,73
1258,73
1258,23
1258,13
1257,93
1257,90
1257,80
1257,67
1257,47
1257,43
1257,33
1257,20
1257,17
1257,13
1256,67
1256,60
1256,60
1256,57
1256,47
1256,37
1255,57
1255,13
1254,67
1254,67
1254,40
1254,40
1254,33
1254,27
1254,23
1253,93
1253,93
1253,93
1253,37
1253,33
1253,30
1253,17
1253,00
1253,00
1252,90
1252,50
1252,50
1252,37
1252,37
1252,37
1252,37
1252,20
1252,03
1251,83
1251,17
1251,03
1251,03
1250,77
1250,73
1250,63
1250,47
1250,33
1250,03
1249,97
1249,80
1249,67
1342,20
1312,13
1298,80
1293,50
1290,47
1288,37
1285,60
1283,80
1281,10
1280,10
1278,50
1278,37
1277,83
1277,57
1276,87
1276,47
1276,23
1275,87
1275,33
1274,37
1273,90
1273,47
1273,13
1273,13
1273,03
1272,93
1272,33
1271,77
1271,53
1271,47
1271,37
1271,10
1270,93
1270,80
1270,77
1270,73
1270,20
1269,97
1269,67
1269,57
1269,27
1269,10
1269,00
1268,93
1268,93
1268,83
1268,80
1268,70
1268,63
1268,43
1268,13
1268,13
1267,90
1267,70
1267,40
1267,17
1267,07
1267,03
1267,00
1266,97
1266,73
1264,53
1264,47
1263,93
1263,93
1263,93
1263,90
1263,90
1263,53
1263,37
1263,37
1263,23
1262,90
1262,87
1262,87
1262,80
1262,80
1262,33
1262,27
1261,87
1261,83
1261,80
1261,47
1261,37
1261,37
1261,30
1261,03
1260,70
1260,63
1260,27
1260,23
1260,03
1259,93
1259,27
1259,27
1259,27
1259,27
1259,23
1259,07
1257,70
1358,17
1323,00
1306,60
1303,90
1297,53
1293,97
1292,43
1289,53
1287,80
1286,00
1282,53
1282,03
1280,30
1279,60
1279,20
1277,20
1276,90
1276,53
1276,43
1274,33
1273,60
1272,77
1271,57
1270,77
1270,23
1269,23
1268,53
1268,00
1267,27
1267,27
1266,73
1266,67
1266,17
1265,70
1265,63
1264,33
1264,03
1264,00
1263,93
1263,80
1263,53
1262,93
1262,90
1262,20
1262,13
1262,00
1261,13
1261,03
1259,50
1259,43
1259,40
1259,30
1259,30
1259,20
1258,67
1257,80
1257,40
1257,33
1256,50
1256,07
1255,53
1255,50
1255,43
1255,27
1255,17
1254,47
1254,43
1254,37
1254,27
1253,97
1253,97
1253,83
1253,80
1253,80
1253,80
1253,80
1253,80
1253,80
1253,63
1253,50
1253,50
1253,50
1253,50
1253,03
1252,83
1252,73
1252,70
1252,70
1252,70
1252,67
1252,60
1252,40
1252,40
1252,33
1252,33
1251,97
1251,83
1251,70
1251,70
1251,67

Statistical results
1267,72
1256,14
1259,44
1270,48
1292,25
1260,86
1264,92
1273,69
1257,00
1279,90
1245,53
1269,34
1278,13
1260,25
1281,05
1251,06
1282,83
1262,00
1267,49
1280,35
1274,19
1286,84
1298,48
1287,36
1301,32
1288,69
1263,49
1294,80
1291,46
1257,73
Mean 1273,492167	 	Std Dev 14,882793	 