845,97
837,00
833,80
829,97
828,33
826,10
824,60
823,17
822,13
820,93
819,90
819,33
818,03
817,50
816,20
816,20
813,90
813,20
813,20
813,03
812,70
812,63
812,03
812,00
811,80
810,93
810,87
809,37
809,10
808,83
806,33
806,30
806,27
806,27
805,97
805,93
805,93
805,93
805,73
804,87
804,80
804,80
804,80
804,80
804,80
804,77
804,77
804,77
804,77
804,77
804,77
804,77
803,97
803,97
803,70
803,67
801,17
801,17
801,17
801,17
801,17
801,17
800,87
800,77
800,77
800,77
800,73
800,37
800,37
800,37
800,37
800,37
800,37
800,37
800,10
800,10
799,93
799,87
799,50
799,50
799,50
799,50
799,50
799,50
799,30
799,20
799,20
799,17
799,17
799,17
799,10
799,03
799,03
799,03
799,03
798,80
798,20
798,03
798,03
798,03
833,47
828,53
825,10
820,03
817,60
815,13
812,97
812,83
811,67
811,47
811,03
810,40
810,07
809,30
809,23
809,17
809,17
809,13
809,13
809,07
809,07
809,03
809,03
809,00
809,00
809,00
808,67
807,33
807,33
807,33
807,33
807,33
807,30
807,23
806,73
806,73
806,73
806,70
805,73
805,33
805,33
805,33
803,13
803,13
803,13
803,07
802,73
802,63
802,63
802,63
802,03
802,03
802,00
802,00
802,00
802,00
802,00
800,97
800,90
800,90
800,90
800,90
800,90
800,90
800,90
800,90
800,90
800,73
800,73
800,73
800,73
800,73
799,53
799,47
799,47
799,47
799,40
799,40
799,40
799,40
799,30
799,30
799,30
799,30
799,20
798,97
798,97
796,53
796,53
796,13
796,13
796,13
795,77
795,10
794,90
794,90
794,50
794,50
794,50
794,50
825,93
824,00
822,47
819,83
816,17
815,23
814,43
811,37
810,50
809,13
807,97
807,47
807,47
807,07
805,47
805,47
804,70
803,60
802,73
802,73
802,73
802,73
802,53
802,13
801,10
799,60
798,30
798,30
798,30
798,27
798,27
798,27
797,13
797,13
797,13
797,13
796,27
794,57
794,53
794,53
794,47
794,23
794,23
794,23
794,23
794,23
794,23
794,23
794,23
794,23
793,80
793,80
793,80
793,80
793,80
793,80
793,80
793,27
793,00
793,00
791,87
791,70
791,53
790,53
790,53
790,50
790,23
790,17
790,17
790,17
789,73
789,73
789,73
789,73
787,87
787,87
787,87
787,83
787,53
787,53
787,47
787,47
787,43
787,43
786,33
786,30
786,13
786,13
786,10
786,10
786,10
786,03
786,03
786,03
786,03
785,03
785,03
784,90
784,90
784,90
822,53
813,70
811,30
810,93
808,23
807,37
806,40
806,23
806,13
806,13
806,10
806,03
806,03
803,87
802,93
802,80
802,77
799,33
799,30
799,30
798,60
798,60
796,43
796,43
796,43
796,43
796,23
796,23
796,23
795,47
795,47
795,47
795,07
795,07
795,07
795,07
794,10
794,10
794,10
794,10
794,10
793,53
793,53
793,53
793,53
793,53
791,93
791,93
791,83
791,80
791,80
790,60
790,57
790,57
789,93
789,93
789,37
789,37
789,37
789,37
789,23
789,23
788,73
787,20
787,20
787,20
787,20
787,20
786,80
786,80
786,80
786,70
786,10
786,10
786,00
786,00
785,60
785,53
785,53
785,53
785,47
785,40
785,40
785,40
785,40
785,40
785,23
785,23
785,00
785,00
784,87
784,87
784,87
784,40
783,83
783,83
783,83
783,83
783,83
783,83
823,10
819,10
814,23
811,43
811,27
810,53
809,00
808,93
808,10
808,10
807,63
806,70
805,43
804,60
804,07
804,07
804,07
801,40
800,43
800,43
798,80
797,50
794,40
794,03
794,03
794,03
794,03
793,93
793,93
793,87
793,23
793,23
793,23
793,20
792,57
792,10
792,00
792,00
792,00
792,00
791,23
791,23
791,20
790,27
790,27
790,23
790,23
789,70
788,13
788,13
787,57
787,57
787,57
787,10
787,10
787,10
787,03
787,03
786,50
786,50
786,13
786,13
786,13
786,13
786,13
786,13
786,13
786,13
786,13
786,13
786,13
786,13
784,93
784,93
784,77
784,77
784,77
784,77
784,77
784,77
784,73
784,73
784,73
784,73
784,73
784,73
784,40
784,40
784,40
784,40
783,83
783,83
783,83
783,83
783,83
783,73
783,73
783,73
783,73
783,73
825,60
818,17
815,37
812,37
809,17
807,20
803,57
800,60
799,50
799,50
797,73
797,73
796,33
795,87
794,93
793,93
793,90
793,90
793,90
792,80
792,77
792,77
792,77
792,77
792,77
792,10
792,07
791,47
791,47
790,80
790,60
790,60
790,60
790,60
790,60
790,60
790,60
789,60
789,20
788,97
788,97
788,97
788,97
788,97
788,40
786,87
786,87
786,73
786,73
785,33
785,33
785,33
785,33
785,33
785,33
785,33
785,33
785,33
785,33
785,33
785,33
785,33
784,70
784,60
784,60
784,23
784,07
784,07
784,00
784,00
784,00
783,87
783,67
783,67
783,67
783,63
783,20
783,20
783,13
783,00
783,00
782,30
782,30
782,30
782,13
782,13
781,60
781,60
781,60
781,60
781,60
781,60
781,60
781,60
781,60
781,60
781,60
781,60
781,60
781,60
823,00
816,53
812,40
805,60
804,63
803,83
803,63
803,27
801,53
800,03
797,70
795,00
794,83
794,83
794,67
793,97
792,60
792,43
791,87
791,87
791,87
790,60
790,00
789,93
789,90
789,90
789,90
789,90
789,90
789,63
789,63
789,37
787,87
787,87
787,87
786,30
786,30
786,17
786,17
786,17
786,17
786,17
786,17
786,03
786,03
786,03
785,07
785,07
784,97
784,67
784,60
784,60
784,60
784,60
784,53
784,53
784,53
784,53
784,53
784,53
784,53
784,53
784,53
784,53
784,53
784,50
784,50
784,50
784,50
784,50
784,50
784,50
784,37
784,37
784,37
784,37
784,37
784,37
784,37
784,37
784,37
784,20
784,20
783,90
783,90
783,83
783,83
783,83
783,83
783,83
783,07
783,07
781,93
781,93
781,93
781,90
781,90
780,80
780,80
780,80
812,20
811,60
808,90
808,03
807,67
806,30
803,07
803,00
801,53
801,47
801,07
800,27
799,70
799,67
799,13
799,10
799,07
797,20
796,97
794,00
794,00
792,73
792,03
790,77
790,77
790,77
790,77
790,77
789,10
788,73
788,47
787,83
787,83
787,83
787,83
787,83
787,33
787,33
787,33
787,33
787,33
787,33
787,33
787,33
787,33
786,33
786,33
786,20
786,20
785,20
785,20
784,90
784,90
784,37
784,37
784,37
784,37
784,37
784,03
784,03
783,33
783,33
783,00
782,13
782,13
782,13
782,13
782,03
781,90
781,90
781,90
781,90
781,90
781,20
781,20
781,20
781,20
781,20
781,20
781,20
781,20
781,20
781,07
780,50
780,50
780,27
780,27
780,23
780,23
780,20
780,20
780,20
780,20
780,20
780,20
780,20
780,20
780,20
780,20
780,20
822,70
815,53
813,20
808,73
807,53
802,17
799,83
799,60
798,30
798,30
797,97
797,97
797,37
797,37
797,27
796,97
795,67
795,10
795,00
794,87
794,87
793,93
793,53
793,37
793,37
793,23
793,23
792,63
791,93
790,37
790,37
789,07
788,87
788,47
788,47
788,47
788,47
788,47
788,47
788,47
788,40
788,33
788,33
788,33
787,90
787,90
787,90
787,90
786,80
786,80
786,80
786,80
786,80
786,77
785,80
784,83
784,27
784,27
783,80
783,73
783,73
783,73
783,73
783,73
783,10
783,10
783,00
783,00
783,00
783,00
782,23
782,17
782,17
782,17
782,13
782,13
782,13
782,13
782,13
782,13
782,13
782,03
782,03
781,43
781,43
781,43
781,43
781,43
781,43
781,43
781,43
781,43
781,43
781,43
781,43
781,17
781,17
781,17
781,17
781,17
820,00
815,80
815,30
810,37
808,40
807,27
805,80
805,20
805,13
805,00
803,00
802,90
802,87
802,77
801,77
801,77
800,17
798,63
797,97
797,37
796,40
796,37
796,37
796,20
795,10
795,10
793,27
793,00
792,77
792,37
792,23
792,23
792,20
792,20
791,60
791,60
791,60
791,17
790,63
790,33
789,90
789,90
789,90
789,90
789,27
789,23
789,23
789,23
789,23
789,07
789,07
789,07
789,07
789,07
789,07
789,07
789,07
788,50
788,30
788,30
788,30
788,30
788,30
787,97
787,97
787,50
787,50
787,50
787,03
787,03
787,03
787,00
787,00
787,00
786,60
785,80
784,83
784,70
784,70
784,70
784,30
784,30
784,30
783,90
783,90
783,90
783,90
783,90
783,90
783,87
783,87
783,87
783,87
783,87
783,87
783,87
783,60
783,60
783,60
783,60

Statistical results
779,91
791,84
779,03
821,75
788,33
807,88
827,15
775,58
787,43
779,32
792,00
777,11
775,16
822,44
793,55
819,46
815,12
812,19
778,91
772,82
797,52
787,66
776,80
798,85
784,31
771,20
822,19
769,90
799,78
808,43
Mean 793,787933	 	Std Dev 17,884135	 850,00
850,00
833,00
833,00
833,00
833,00
833,00
814,00
814,00
814,00
814,00
814,00
814,00
814,00
814,00
814,00
814,00
814,00
814,00
814,00
814,00
814,00
814,00
814,00
814,00
814,00
814,00
814,00
814,00
814,00
814,00
814,00
814,00
814,00
814,00
814,00
814,00
814,00
814,00
814,00
814,00
814,00
814,00
814,00
814,00
814,00
814,00
814,00
814,00
814,00
814,00
814,00
814,00
814,00
814,00
814,00
814,00
814,00
814,00
814,00
814,00
814,00
814,00
814,00
814,00
814,00
814,00
814,00
814,00
814,00
814,00
814,00
814,00
814,00
814,00
814,00
814,00
814,00
814,00
814,00
814,00
814,00
814,00
814,00
814,00
814,00
814,00
814,00
814,00
814,00
814,00
814,00
814,00
814,00
814,00
814,00
814,00
814,00
814,00
814,00
849,00
849,00
849,00
849,00
849,00
849,00
849,00
842,00
842,00
842,00
842,00
841,00
841,00
841,00
841,00
841,00
841,00
841,00
841,00
841,00
841,00
841,00
841,00
841,00
841,00
841,00
841,00
841,00
841,00
841,00
841,00
841,00
841,00
841,00
824,00
824,00
824,00
824,00
824,00
824,00
824,00
824,00
824,00
824,00
824,00
824,00
824,00
824,00
824,00
824,00
824,00
824,00
824,00
824,00
824,00
824,00
824,00
824,00
824,00
824,00
824,00
824,00
824,00
824,00
824,00
824,00
824,00
824,00
824,00
824,00
824,00
824,00
806,00
806,00
806,00
806,00
806,00
806,00
806,00
806,00
806,00
806,00
806,00
806,00
806,00
806,00
806,00
806,00
806,00
806,00
806,00
806,00
806,00
806,00
806,00
806,00
806,00
806,00
806,00
806,00
857,00
856,00
852,00
842,00
842,00
842,00
842,00
842,00
842,00
842,00
825,00
825,00
825,00
825,00
825,00
825,00
824,00
824,00
824,00
824,00
824,00
824,00
824,00
824,00
824,00
824,00
824,00
824,00
824,00
824,00
824,00
824,00
824,00
824,00
824,00
824,00
824,00
824,00
824,00
824,00
824,00
824,00
824,00
824,00
824,00
824,00
824,00
824,00
824,00
824,00
824,00
824,00
824,00
824,00
824,00
824,00
824,00
824,00
824,00
824,00
824,00
824,00
824,00
824,00
824,00
824,00
824,00
824,00
824,00
824,00
824,00
824,00
824,00
824,00
824,00
824,00
824,00
824,00
824,00
824,00
824,00
824,00
824,00
824,00
824,00
824,00
824,00
824,00
824,00
824,00
824,00
824,00
819,00
819,00
819,00
819,00
819,00
819,00
819,00
819,00
844,00
843,00
843,00
843,00
843,00
843,00
843,00
843,00
843,00
843,00
843,00
843,00
843,00
843,00
843,00
843,00
843,00
843,00
843,00
843,00
843,00
843,00
843,00
843,00
843,00
825,00
825,00
825,00
825,00
825,00
825,00
825,00
825,00
825,00
825,00
825,00
825,00
825,00
825,00
825,00
825,00
825,00
825,00
825,00
825,00
825,00
825,00
825,00
825,00
825,00
825,00
825,00
825,00
825,00
825,00
825,00
825,00
825,00
825,00
825,00
825,00
825,00
825,00
825,00
825,00
825,00
825,00
825,00
825,00
825,00
825,00
825,00
825,00
825,00
825,00
825,00
825,00
824,00
824,00
824,00
824,00
824,00
824,00
824,00
824,00
824,00
824,00
816,00
816,00
816,00
805,00
805,00
805,00
805,00
805,00
805,00
805,00
805,00
805,00
805,00
822,00
822,00
822,00
822,00
822,00
822,00
822,00
822,00
806,00
806,00
806,00
806,00
806,00
806,00
806,00
806,00
806,00
806,00
806,00
806,00
806,00
806,00
806,00
806,00
806,00
806,00
806,00
806,00
806,00
806,00
806,00
806,00
806,00
806,00
806,00
806,00
806,00
806,00
806,00
806,00
806,00
806,00
806,00
806,00
806,00
806,00
806,00
806,00
806,00
806,00
806,00
806,00
806,00
806,00
806,00
806,00
806,00
806,00
806,00
806,00
806,00
806,00
804,00
804,00
804,00
804,00
804,00
804,00
804,00
804,00
804,00
804,00
804,00
804,00
804,00
804,00
804,00
804,00
804,00
804,00
804,00
804,00
804,00
804,00
804,00
804,00
804,00
804,00
804,00
803,00
803,00
803,00
803,00
803,00
803,00
803,00
803,00
803,00
803,00
803,00
801,00
801,00
801,00
801,00
801,00
801,00
801,00
801,00
801,00
801,00
801,00
801,00
801,00
801,00
801,00
801,00
801,00
801,00
801,00
801,00
801,00
801,00
801,00
801,00
801,00
801,00
801,00
801,00
801,00
801,00
801,00
801,00
801,00
801,00
801,00
801,00
801,00
801,00
801,00
801,00
801,00
801,00
801,00
801,00
801,00
801,00
801,00
801,00
801,00
801,00
801,00
801,00
801,00
801,00
801,00
801,00
801,00
801,00
801,00
801,00
801,00
801,00
801,00
801,00
801,00
801,00
801,00
801,00
801,00
801,00
801,00
801,00
801,00
801,00
801,00
801,00
801,00
801,00
801,00
801,00
801,00
801,00
801,00
801,00
801,00
801,00
801,00
801,00
801,00
801,00
801,00
801,00
801,00
801,00
801,00
801,00
801,00
801,00
801,00
801,00
843,00
843,00
842,00
837,00
837,00
837,00
837,00
837,00
837,00
837,00
837,00
837,00
837,00
837,00
837,00
837,00
837,00
837,00
837,00
837,00
837,00
837,00
837,00
837,00
837,00
837,00
805,00
805,00
805,00
805,00
805,00
805,00
805,00
805,00
805,00
805,00
805,00
805,00
801,00
801,00
801,00
801,00
801,00
801,00
801,00
801,00
801,00
801,00
801,00
801,00
801,00
801,00
801,00
801,00
801,00
801,00
801,00
801,00
801,00
801,00
801,00
801,00
801,00
801,00
801,00
801,00
801,00
801,00
801,00
801,00
801,00
801,00
801,00
801,00
801,00
801,00
801,00
801,00
801,00
801,00
801,00
801,00
801,00
801,00
801,00
801,00
801,00
801,00
801,00
801,00
801,00
801,00
801,00
801,00
801,00
801,00
801,00
801,00
801,00
801,00
843,00
843,00
842,00
842,00
842,00
842,00
842,00
842,00
842,00
842,00
842,00
842,00
842,00
842,00
842,00
805,00
805,00
805,00
805,00
805,00
805,00
805,00
805,00
801,00
801,00
801,00
801,00
801,00
801,00
801,00
801,00
801,00
801,00
801,00
801,00
801,00
801,00
801,00
801,00
801,00
801,00
801,00
801,00
801,00
801,00
801,00
801,00
801,00
801,00
801,00
801,00
801,00
801,00
801,00
801,00
801,00
801,00
801,00
801,00
801,00
801,00
801,00
801,00
801,00
801,00
801,00
801,00
801,00
801,00
801,00
801,00
801,00
801,00
801,00
801,00
801,00
801,00
801,00
801,00
801,00
801,00
801,00
801,00
801,00
801,00
801,00
801,00
801,00
801,00
801,00
801,00
801,00
801,00
801,00
801,00
801,00
801,00
801,00
801,00
801,00
813,00
813,00
813,00
813,00
813,00
813,00
813,00
813,00
813,00
813,00
813,00
813,00
813,00
813,00
813,00
813,00
813,00
813,00
813,00
813,00
813,00
813,00
813,00
813,00
801,00
801,00
801,00
801,00
801,00
801,00
801,00
801,00
801,00
801,00
801,00
801,00
801,00
801,00
801,00
801,00
801,00
801,00
801,00
801,00
801,00
801,00
801,00
801,00
801,00
801,00
801,00
801,00
801,00
801,00
801,00
801,00
801,00
801,00
801,00
801,00
801,00
801,00
801,00
801,00
801,00
801,00
801,00
801,00
801,00
801,00
801,00
801,00
801,00
801,00
801,00
801,00
801,00
801,00
801,00
801,00
801,00
801,00
801,00
801,00
801,00
801,00
801,00
801,00
801,00
801,00
801,00
801,00
801,00
801,00
801,00
801,00
801,00
801,00
801,00
801,00
879,00
813,00
813,00
813,00
813,00
813,00
813,00
813,00
813,00
813,00
813,00
813,00
813,00
813,00
813,00
813,00
813,00
813,00
813,00
813,00
813,00
813,00
813,00
813,00
813,00
813,00
813,00
813,00
813,00
813,00
813,00
813,00
813,00
813,00
813,00
813,00
813,00
813,00
813,00
813,00
813,00
813,00
813,00
813,00
813,00
813,00
813,00
813,00
813,00
813,00
813,00
801,00
801,00
801,00
801,00
801,00
801,00
801,00
801,00
801,00
801,00
801,00
801,00
801,00
801,00
801,00
801,00
801,00
801,00
801,00
801,00
801,00
801,00
801,00
801,00
801,00
801,00
801,00
801,00
801,00
801,00
801,00
801,00
801,00
801,00
801,00
801,00
801,00
801,00
801,00
801,00
801,00
801,00
801,00
801,00
801,00
801,00
799,00
799,00
799,00

Statistical results
813,15
Mean 813,151000	 	Std Dev 0,000000	 869,00
841,00
823,00
823,00
823,00
823,00
823,00
823,00
823,00
823,00
823,00
823,00
823,00
823,00
823,00
815,00
814,00
814,00
814,00
814,00
813,00
813,00
813,00
813,00
813,00
813,00
813,00
813,00
813,00
813,00
813,00
813,00
813,00
813,00
813,00
813,00
813,00
813,00
813,00
813,00
813,00
813,00
813,00
813,00
813,00
813,00
813,00
813,00
813,00
813,00
813,00
813,00
813,00
813,00
813,00
813,00
813,00
813,00
813,00
813,00
813,00
813,00
813,00
813,00
813,00
813,00
813,00
813,00
813,00
813,00
813,00
813,00
813,00
813,00
813,00
813,00
813,00
813,00
813,00
813,00
813,00
813,00
813,00
813,00
813,00
813,00
813,00
813,00
813,00
813,00
813,00
813,00
813,00
813,00
813,00
813,00
813,00
813,00
813,00
813,00
839,00
839,00
819,00
812,00
812,00
812,00
812,00
812,00
812,00
812,00
812,00
812,00
812,00
812,00
812,00
812,00
812,00
812,00
812,00
812,00
812,00
812,00
812,00
812,00
812,00
812,00
812,00
812,00
812,00
812,00
809,00
809,00
809,00
809,00
809,00
809,00
809,00
809,00
809,00
809,00
809,00
809,00
809,00
809,00
809,00
809,00
809,00
809,00
809,00
809,00
809,00
809,00
809,00
809,00
809,00
809,00
809,00
809,00
809,00
809,00
809,00
809,00
809,00
809,00
809,00
809,00
809,00
809,00
809,00
809,00
809,00
809,00
809,00
809,00
809,00
809,00
809,00
809,00
809,00
809,00
809,00
809,00
809,00
809,00
809,00
809,00
809,00
809,00
809,00
809,00
809,00
809,00
809,00
809,00
809,00
809,00
809,00
809,00
809,00
809,00
855,00
854,00
854,00
854,00
854,00
854,00
854,00
854,00
854,00
854,00
854,00
854,00
854,00
854,00
854,00
854,00
854,00
854,00
854,00
854,00
854,00
854,00
854,00
854,00
854,00
854,00
854,00
854,00
854,00
854,00
854,00
854,00
854,00
854,00
854,00
854,00
854,00
854,00
854,00
854,00
854,00
854,00
854,00
854,00
854,00
854,00
854,00
854,00
854,00
854,00
854,00
854,00
854,00
854,00
854,00
854,00
854,00
854,00
854,00
854,00
854,00
854,00
854,00
854,00
854,00
854,00
854,00
854,00
854,00
851,00
851,00
850,00
826,00
826,00
826,00
826,00
826,00
813,00
813,00
813,00
813,00
813,00
813,00
813,00
813,00
813,00
813,00
810,00
810,00
810,00
810,00
810,00
810,00
810,00
810,00
810,00
810,00
810,00
810,00
810,00
854,00
854,00
854,00
854,00
854,00
854,00
854,00
851,00
850,00
850,00
850,00
850,00
850,00
850,00
850,00
850,00
850,00
850,00
850,00
850,00
826,00
826,00
826,00
826,00
826,00
826,00
826,00
817,00
808,00
808,00
808,00
808,00
808,00
808,00
808,00
808,00
808,00
808,00
808,00
808,00
808,00
808,00
808,00
808,00
808,00
808,00
808,00
808,00
808,00
808,00
808,00
808,00
808,00
808,00
808,00
808,00
808,00
808,00
808,00
808,00
808,00
808,00
808,00
808,00
808,00
808,00
808,00
808,00
808,00
808,00
808,00
808,00
808,00
808,00
808,00
808,00
808,00
808,00
808,00
808,00
808,00
808,00
808,00
808,00
808,00
808,00
808,00
808,00
808,00
808,00
808,00
808,00
808,00
808,00
808,00
808,00
808,00
808,00
808,00
808,00
854,00
854,00
854,00
854,00
854,00
854,00
854,00
854,00
854,00
854,00
854,00
854,00
854,00
854,00
854,00
854,00
854,00
854,00
854,00
854,00
854,00
854,00
854,00
854,00
854,00
854,00
854,00
854,00
854,00
854,00
854,00
854,00
854,00
854,00
815,00
815,00
815,00
815,00
815,00
815,00
815,00
815,00
815,00
815,00
815,00
815,00
815,00
815,00
815,00
815,00
815,00
815,00
815,00
815,00
815,00
815,00
815,00
815,00
815,00
815,00
815,00
815,00
815,00
815,00
815,00
815,00
815,00
815,00
815,00
815,00
815,00
815,00
815,00
809,00
809,00
809,00
809,00
809,00
809,00
809,00
809,00
809,00
809,00
809,00
809,00
809,00
809,00
809,00
809,00
809,00
809,00
809,00
809,00
809,00
809,00
809,00
809,00
809,00
809,00
809,00
845,00
845,00
845,00
845,00
845,00
845,00
845,00
845,00
845,00
818,00
818,00
818,00
818,00
818,00
818,00
818,00
818,00
818,00
818,00
818,00
818,00
818,00
818,00
818,00
818,00
818,00
818,00
818,00
818,00
818,00
818,00
818,00
818,00
818,00
818,00
818,00
818,00
818,00
818,00
818,00
818,00
818,00
818,00
818,00
818,00
818,00
818,00
818,00
818,00
818,00
818,00
818,00
818,00
818,00
818,00
818,00
818,00
818,00
818,00
818,00
818,00
818,00
818,00
818,00
818,00
818,00
818,00
818,00
818,00
818,00
818,00
818,00
818,00
818,00
818,00
818,00
818,00
818,00
818,00
818,00
818,00
818,00
818,00
818,00
818,00
818,00
818,00
818,00
818,00
818,00
818,00
818,00
818,00
818,00
818,00
808,00
808,00
808,00
808,00
808,00
854,00
846,00
846,00
846,00
846,00
846,00
846,00
846,00
846,00
846,00
846,00
846,00
846,00
846,00
846,00
846,00
846,00
846,00
846,00
846,00
846,00
846,00
846,00
846,00
846,00
846,00
846,00
846,00
809,00
809,00
809,00
809,00
809,00
809,00
809,00
809,00
809,00
809,00
809,00
809,00
809,00
809,00
809,00
809,00
809,00
809,00
809,00
809,00
809,00
809,00
809,00
809,00
809,00
809,00
809,00
809,00
809,00
809,00
809,00
809,00
809,00
809,00
809,00
809,00
809,00
809,00
809,00
809,00
809,00
809,00
809,00
809,00
809,00
809,00
809,00
809,00
809,00
809,00
809,00
809,00
809,00
809,00
809,00
809,00
809,00
809,00
809,00
809,00
809,00
809,00
809,00
809,00
809,00
809,00
809,00
809,00
809,00
809,00
809,00
809,00
855,00
854,00
854,00
854,00
840,00
840,00
840,00
840,00
840,00
840,00
840,00
840,00
840,00
840,00
840,00
840,00
840,00
840,00
840,00
840,00
840,00
840,00
840,00
840,00
840,00
840,00
840,00
840,00
840,00
840,00
840,00
840,00
840,00
840,00
840,00
840,00
840,00
840,00
840,00
840,00
840,00
840,00
840,00
840,00
840,00
840,00
840,00
840,00
840,00
840,00
840,00
840,00
840,00
840,00
840,00
840,00
840,00
840,00
840,00
840,00
840,00
840,00
840,00
840,00
840,00
840,00
838,00
838,00
838,00
838,00
838,00
838,00
838,00
838,00
838,00
811,00
811,00
811,00
811,00
811,00
811,00
811,00
811,00
811,00
811,00
811,00
811,00
811,00
811,00
811,00
811,00
811,00
811,00
811,00
811,00
811,00
811,00
811,00
811,00
811,00
848,00
848,00
848,00
848,00
848,00
848,00
848,00
848,00
848,00
848,00
846,00
846,00
846,00
842,00
842,00
842,00
842,00
842,00
842,00
842,00
842,00
842,00
842,00
842,00
842,00
842,00
842,00
842,00
842,00
842,00
842,00
842,00
842,00
842,00
842,00
842,00
842,00
842,00
842,00
842,00
842,00
842,00
842,00
842,00
842,00
842,00
842,00
842,00
842,00
842,00
842,00
842,00
842,00
842,00
842,00
842,00
842,00
842,00
842,00
842,00
842,00
842,00
842,00
842,00
842,00
842,00
842,00
842,00
842,00
842,00
842,00
842,00
842,00
842,00
842,00
842,00
842,00
842,00
842,00
842,00
842,00
811,00
811,00
811,00
811,00
811,00
811,00
811,00
811,00
809,00
809,00
809,00
809,00
809,00
809,00
809,00
809,00
809,00
809,00
809,00
854,00
854,00
854,00
854,00
854,00
854,00
854,00
854,00
854,00
854,00
854,00
854,00
854,00
854,00
854,00
813,00
813,00
813,00
813,00
813,00
813,00
813,00
813,00
813,00
813,00
813,00
813,00
813,00
813,00
813,00
813,00
813,00
813,00
813,00
813,00
813,00
813,00
813,00
813,00
813,00
813,00
813,00
813,00
813,00
813,00
813,00
813,00
813,00
813,00
813,00
813,00
813,00
813,00
813,00
813,00
813,00
813,00
813,00
813,00
813,00
813,00
813,00
813,00
813,00
813,00
813,00
813,00
813,00
813,00
813,00
813,00
813,00
813,00
813,00
813,00
813,00
813,00
813,00
813,00
813,00
813,00
813,00
813,00
813,00
813,00
813,00
813,00
813,00
813,00
813,00
813,00
813,00
813,00
813,00
813,00
813,00
813,00
813,00
813,00
813,00

Statistical results
824,14
Mean 824,135000	 	Std Dev 0,000000	 830,00
830,00
830,00
830,00
828,00
824,00
809,00
809,00
809,00
809,00
809,00
808,00
806,00
806,00
806,00
806,00
806,00
806,00
800,00
800,00
800,00
769,00
769,00
769,00
769,00
769,00
769,00
769,00
769,00
769,00
769,00
769,00
769,00
769,00
769,00
769,00
769,00
769,00
769,00
769,00
769,00
769,00
769,00
769,00
769,00
769,00
768,00
768,00
768,00
768,00
768,00
768,00
768,00
768,00
768,00
768,00
768,00
768,00
768,00
768,00
768,00
768,00
768,00
768,00
768,00
768,00
768,00
768,00
768,00
768,00
768,00
768,00
768,00
768,00
768,00
768,00
768,00
768,00
768,00
768,00
768,00
768,00
768,00
768,00
768,00
768,00
768,00
768,00
768,00
768,00
768,00
768,00
768,00
768,00
768,00
768,00
757,00
757,00
757,00
757,00
766,00
766,00
765,00
765,00
765,00
765,00
765,00
765,00
765,00
765,00
765,00
765,00
765,00
765,00
765,00
765,00
765,00
765,00
765,00
765,00
765,00
765,00
765,00
765,00
765,00
765,00
765,00
765,00
765,00
765,00
765,00
761,00
761,00
761,00
761,00
761,00
761,00
761,00
761,00
761,00
761,00
761,00
761,00
761,00
761,00
761,00
761,00
761,00
761,00
761,00
761,00
761,00
761,00
761,00
761,00
761,00
761,00
761,00
761,00
761,00
761,00
761,00
761,00
761,00
761,00
761,00
761,00
761,00
761,00
761,00
761,00
761,00
761,00
761,00
761,00
761,00
761,00
761,00
761,00
761,00
761,00
761,00
761,00
761,00
761,00
761,00
761,00
761,00
761,00
761,00
761,00
761,00
761,00
761,00
761,00
761,00
761,00
761,00
761,00
761,00
807,00
807,00
807,00
807,00
761,00
761,00
761,00
761,00
761,00
761,00
761,00
761,00
761,00
761,00
761,00
761,00
761,00
761,00
761,00
761,00
761,00
761,00
761,00
761,00
761,00
761,00
761,00
761,00
761,00
761,00
761,00
761,00
761,00
761,00
761,00
761,00
761,00
761,00
761,00
761,00
761,00
761,00
761,00
761,00
761,00
761,00
761,00
761,00
761,00
761,00
761,00
761,00
761,00
761,00
761,00
761,00
761,00
761,00
761,00
761,00
761,00
761,00
761,00
761,00
761,00
761,00
761,00
761,00
761,00
761,00
761,00
761,00
761,00
761,00
761,00
761,00
761,00
761,00
761,00
761,00
761,00
761,00
761,00
761,00
761,00
761,00
761,00
761,00
761,00
761,00
761,00
761,00
761,00
761,00
761,00
761,00
761,00
761,00
761,00
761,00
761,00
761,00
761,00
761,00
761,00
761,00
761,00
761,00
761,00
761,00
761,00
761,00
761,00
761,00
761,00
761,00
761,00
761,00
761,00
761,00
761,00
761,00
761,00
761,00
761,00
761,00
761,00
761,00
761,00
761,00
761,00
761,00
761,00
761,00
761,00
761,00
761,00
761,00
761,00
761,00
761,00
761,00
761,00
761,00
761,00
761,00
761,00
761,00
761,00
761,00
761,00
761,00
761,00
761,00
761,00
761,00
761,00
761,00
761,00
761,00
761,00
761,00
761,00
761,00
761,00
761,00
761,00
761,00
761,00
761,00
761,00
761,00
761,00
761,00
761,00
761,00
761,00
761,00
761,00
761,00
761,00
761,00
761,00
761,00
761,00
761,00
761,00
761,00
761,00
761,00
761,00
761,00
761,00
761,00
761,00
761,00
761,00
761,00
761,00
761,00
820,00
820,00
807,00
807,00
807,00
807,00
807,00
807,00
807,00
807,00
807,00
807,00
807,00
807,00
807,00
807,00
807,00
807,00
807,00
807,00
807,00
807,00
807,00
807,00
807,00
807,00
807,00
807,00
807,00
807,00
807,00
807,00
807,00
807,00
807,00
807,00
807,00
807,00
807,00
807,00
807,00
807,00
807,00
759,00
759,00
759,00
759,00
759,00
759,00
759,00
759,00
759,00
759,00
759,00
759,00
759,00
759,00
759,00
759,00
759,00
759,00
759,00
759,00
759,00
759,00
759,00
759,00
759,00
759,00
759,00
759,00
759,00
759,00
759,00
759,00
759,00
759,00
759,00
759,00
759,00
759,00
759,00
759,00
759,00
759,00
759,00
759,00
759,00
759,00
759,00
759,00
759,00
759,00
759,00
759,00
759,00
759,00
759,00
759,00
759,00
802,00
802,00
802,00
802,00
802,00
802,00
802,00
802,00
802,00
802,00
802,00
802,00
802,00
802,00
802,00
802,00
802,00
802,00
802,00
801,00
801,00
801,00
801,00
801,00
801,00
801,00
801,00
801,00
801,00
801,00
801,00
801,00
801,00
801,00
801,00
801,00
801,00
801,00
801,00
801,00
801,00
801,00
801,00
801,00
801,00
801,00
801,00
761,00
761,00
761,00
761,00
761,00
761,00
761,00
761,00
761,00
759,00
759,00
759,00
759,00
759,00
759,00
759,00
759,00
759,00
759,00
759,00
759,00
759,00
759,00
759,00
759,00
759,00
759,00
759,00
759,00
759,00
759,00
759,00
759,00
759,00
759,00
759,00
759,00
759,00
759,00
759,00
759,00
759,00
759,00
759,00
759,00
759,00
759,00
759,00
759,00
759,00
759,00
759,00
759,00
802,00
802,00
802,00
802,00
802,00
802,00
802,00
802,00
773,00
773,00
773,00
773,00
773,00
773,00
773,00
773,00
773,00
773,00
773,00
773,00
773,00
773,00
773,00
773,00
773,00
773,00
773,00
773,00
773,00
773,00
773,00
773,00
773,00
773,00
773,00
773,00
773,00
773,00
773,00
773,00
773,00
773,00
773,00
773,00
773,00
773,00
773,00
773,00
773,00
773,00
773,00
773,00
773,00
773,00
773,00
773,00
773,00
773,00
773,00
773,00
773,00
773,00
773,00
773,00
773,00
773,00
761,00
761,00
759,00
759,00
759,00
759,00
759,00
759,00
759,00
759,00
759,00
759,00
759,00
759,00
759,00
759,00
759,00
759,00
759,00
759,00
759,00
759,00
759,00
759,00
759,00
759,00
759,00
759,00
759,00
759,00
759,00
759,00
759,00
759,00
802,00
802,00
802,00
802,00
802,00
802,00
802,00
802,00
802,00
802,00
802,00
802,00
802,00
802,00
802,00
802,00
802,00
802,00
802,00
802,00
802,00
802,00
802,00
802,00
802,00
802,00
802,00
802,00
802,00
802,00
802,00
802,00
802,00
802,00
802,00
802,00
802,00
802,00
802,00
802,00
802,00
802,00
802,00
802,00
802,00
773,00
773,00
773,00
773,00
773,00
773,00
773,00
773,00
773,00
773,00
773,00
773,00
773,00
773,00
773,00
773,00
773,00
773,00
773,00
773,00
773,00
769,00
769,00
769,00
769,00
769,00
769,00
769,00
769,00
769,00
769,00
769,00
769,00
769,00
769,00
769,00
769,00
769,00
769,00
769,00
769,00
769,00
759,00
759,00
759,00
759,00
759,00
759,00
759,00
759,00
759,00
759,00
759,00
759,00
759,00
802,00
802,00
802,00
802,00
802,00
802,00
802,00
802,00
802,00
802,00
802,00
802,00
802,00
802,00
802,00
802,00
802,00
802,00
802,00
802,00
802,00
802,00
802,00
802,00
802,00
802,00
802,00
802,00
802,00
802,00
802,00
802,00
802,00
802,00
802,00
802,00
802,00
802,00
802,00
802,00
802,00
802,00
802,00
802,00
802,00
802,00
802,00
802,00
802,00
802,00
802,00
802,00
802,00
802,00
802,00
802,00
802,00
802,00
802,00
802,00
802,00
802,00
802,00
802,00
802,00
802,00
802,00
802,00
802,00
802,00
802,00
802,00
802,00
802,00
802,00
802,00
802,00
802,00
802,00
802,00
802,00
770,00
769,00
769,00
769,00
769,00
769,00
769,00
769,00
759,00
759,00
759,00
759,00
759,00
759,00
759,00
759,00
759,00
759,00
759,00
802,00
802,00
802,00
802,00
802,00
802,00
802,00
802,00
802,00
802,00
802,00
802,00
802,00
802,00
802,00
802,00
802,00
802,00
802,00
802,00
802,00
802,00
802,00
802,00
802,00
802,00
802,00
802,00
802,00
802,00
802,00
802,00
802,00
802,00
802,00
773,00
773,00
773,00
773,00
773,00
773,00
773,00
773,00
773,00
773,00
773,00
773,00
773,00
773,00
773,00
773,00
773,00
773,00
773,00
773,00
773,00
773,00
773,00
773,00
773,00
773,00
773,00
773,00
773,00
773,00
773,00
773,00
773,00
773,00
773,00
773,00
773,00
773,00
773,00
773,00
773,00
773,00
773,00
773,00
773,00
773,00
773,00
773,00
773,00
773,00
773,00
773,00
773,00
773,00
773,00
773,00
773,00
773,00
773,00
773,00
773,00
773,00
771,00
771,00
771,00

Statistical results
775,40
Mean 775,397000	 	Std Dev 0,000000	 845,00
845,00
842,00
840,00
840,00
840,00
840,00
840,00
840,00
840,00
840,00
840,00
840,00
840,00
840,00
823,00
823,00
823,00
823,00
823,00
823,00
823,00
823,00
823,00
823,00
823,00
823,00
823,00
823,00
823,00
823,00
823,00
823,00
823,00
823,00
823,00
823,00
823,00
823,00
823,00
823,00
823,00
823,00
823,00
823,00
823,00
822,00
822,00
822,00
822,00
822,00
822,00
822,00
822,00
822,00
822,00
822,00
822,00
822,00
822,00
822,00
822,00
822,00
822,00
822,00
822,00
822,00
822,00
822,00
822,00
822,00
822,00
822,00
822,00
822,00
822,00
822,00
822,00
822,00
822,00
822,00
822,00
822,00
822,00
822,00
822,00
822,00
822,00
822,00
822,00
822,00
822,00
822,00
822,00
822,00
822,00
822,00
822,00
822,00
822,00
822,00
822,00
822,00
822,00
822,00
822,00
822,00
822,00
822,00
822,00
822,00
822,00
822,00
822,00
822,00
822,00
822,00
822,00
822,00
822,00
822,00
822,00
822,00
822,00
822,00
822,00
822,00
821,00
821,00
821,00
821,00
821,00
821,00
821,00
821,00
821,00
821,00
821,00
821,00
820,00
820,00
820,00
820,00
820,00
820,00
820,00
820,00
820,00
820,00
820,00
820,00
820,00
820,00
820,00
820,00
820,00
820,00
820,00
820,00
820,00
820,00
820,00
820,00
820,00
820,00
820,00
820,00
820,00
820,00
820,00
820,00
820,00
820,00
820,00
820,00
820,00
820,00
820,00
820,00
820,00
820,00
820,00
820,00
820,00
820,00
820,00
820,00
820,00
820,00
820,00
820,00
820,00
820,00
820,00
820,00
820,00
820,00
820,00
820,00
820,00
820,00
820,00
820,00
820,00
820,00
820,00
820,00
820,00
820,00
820,00
820,00
820,00
820,00
820,00
820,00
820,00
820,00
820,00
820,00
820,00
820,00
820,00
820,00
820,00
820,00
820,00
820,00
820,00
820,00
820,00
820,00
820,00
820,00
820,00
820,00
820,00
820,00
820,00
820,00
820,00
820,00
820,00
820,00
820,00
820,00
820,00
820,00
820,00
820,00
820,00
820,00
820,00
820,00
820,00
820,00
820,00
820,00
820,00
820,00
820,00
820,00
820,00
820,00
820,00
820,00
820,00
820,00
820,00
820,00
820,00
820,00
820,00
820,00
820,00
820,00
820,00
820,00
820,00
820,00
820,00
820,00
820,00
820,00
820,00
820,00
820,00
820,00
820,00
820,00
820,00
820,00
820,00
820,00
820,00
820,00
820,00
820,00
820,00
820,00
820,00
869,00
850,00
850,00
844,00
844,00
837,00
837,00
837,00
820,00
820,00
820,00
820,00
820,00
820,00
820,00
820,00
820,00
820,00
820,00
820,00
820,00
820,00
820,00
820,00
820,00
820,00
820,00
820,00
820,00
820,00
820,00
820,00
820,00
820,00
820,00
820,00
820,00
820,00
820,00
820,00
820,00
820,00
820,00
820,00
820,00
820,00
820,00
820,00
820,00
820,00
820,00
820,00
820,00
820,00
820,00
820,00
820,00
820,00
820,00
820,00
820,00
820,00
820,00
820,00
820,00
820,00
820,00
820,00
820,00
820,00
820,00
820,00
820,00
820,00
820,00
820,00
820,00
820,00
820,00
820,00
820,00
820,00
820,00
820,00
820,00
820,00
820,00
820,00
820,00
820,00
820,00
820,00
820,00
820,00
820,00
820,00
820,00
820,00
820,00
820,00
822,00
822,00
820,00
820,00
820,00
820,00
820,00
820,00
820,00
820,00
820,00
820,00
820,00
820,00
820,00
820,00
820,00
820,00
820,00
820,00
806,00
806,00
806,00
806,00
806,00
806,00
806,00
806,00
806,00
806,00
806,00
806,00
806,00
806,00
806,00
806,00
806,00
806,00
806,00
806,00
806,00
806,00
806,00
806,00
806,00
806,00
806,00
806,00
806,00
806,00
806,00
806,00
806,00
806,00
806,00
806,00
806,00
806,00
806,00
806,00
806,00
806,00
806,00
806,00
806,00
806,00
806,00
806,00
806,00
805,00
805,00
805,00
805,00
805,00
805,00
805,00
805,00
805,00
805,00
805,00
805,00
805,00
805,00
805,00
805,00
805,00
805,00
805,00
805,00
805,00
805,00
805,00
805,00
805,00
805,00
805,00
805,00
805,00
805,00
805,00
843,00
843,00
837,00
837,00
837,00
837,00
820,00
813,00
813,00
813,00
813,00
793,00
793,00
793,00
793,00
793,00
793,00
793,00
793,00
793,00
793,00
793,00
793,00
793,00
793,00
793,00
793,00
793,00
793,00
793,00
793,00
793,00
793,00
793,00
793,00
793,00
793,00
793,00
793,00
793,00
793,00
793,00
793,00
793,00
793,00
793,00
793,00
793,00
793,00
793,00
793,00
793,00
793,00
793,00
793,00
793,00
793,00
793,00
793,00
793,00
793,00
793,00
793,00
793,00
793,00
793,00
793,00
793,00
793,00
793,00
793,00
793,00
793,00
793,00
793,00
793,00
793,00
793,00
793,00
793,00
793,00
793,00
793,00
793,00
793,00
793,00
793,00
793,00
793,00
793,00
793,00
793,00
793,00
793,00
793,00
793,00
793,00
793,00
793,00
793,00
843,00
843,00
843,00
843,00
843,00
843,00
843,00
843,00
843,00
843,00
843,00
843,00
826,00
824,00
791,00
791,00
791,00
791,00
791,00
791,00
791,00
791,00
791,00
791,00
791,00
791,00
791,00
791,00
791,00
791,00
791,00
791,00
791,00
791,00
791,00
791,00
791,00
791,00
791,00
791,00
791,00
791,00
791,00
791,00
791,00
791,00
791,00
791,00
791,00
791,00
791,00
791,00
791,00
791,00
791,00
788,00
788,00
788,00
788,00
788,00
788,00
788,00
788,00
788,00
788,00
788,00
788,00
788,00
788,00
788,00
788,00
788,00
788,00
788,00
788,00
788,00
788,00
788,00
788,00
788,00
788,00
788,00
788,00
788,00
788,00
788,00
788,00
788,00
788,00
788,00
788,00
788,00
788,00
788,00
788,00
788,00
788,00
788,00
788,00
788,00
843,00
843,00
843,00
840,00
840,00
832,00
832,00
832,00
832,00
832,00
831,00
831,00
831,00
831,00
831,00
831,00
831,00
813,00
813,00
813,00
813,00
813,00
813,00
813,00
813,00
813,00
813,00
813,00
813,00
813,00
813,00
813,00
813,00
813,00
813,00
813,00
813,00
813,00
813,00
813,00
813,00
813,00
813,00
813,00
813,00
813,00
813,00
813,00
813,00
809,00
809,00
809,00
809,00
768,00
768,00
768,00
768,00
768,00
768,00
768,00
768,00
768,00
768,00
768,00
768,00
768,00
768,00
768,00
768,00
768,00
768,00
768,00
768,00
768,00
768,00
768,00
768,00
768,00
768,00
768,00
768,00
768,00
768,00
768,00
768,00
768,00
768,00
768,00
768,00
768,00
768,00
768,00
768,00
768,00
768,00
768,00
768,00
768,00
768,00
768,00
843,00
839,00
816,00
816,00
815,00
815,00
814,00
814,00
784,00
782,00
782,00
768,00
768,00
768,00
768,00
768,00
768,00
768,00
768,00
768,00
768,00
768,00
768,00
768,00
767,00
767,00
767,00
767,00
767,00
767,00
767,00
767,00
760,00
760,00
760,00
760,00
760,00
760,00
760,00
760,00
760,00
760,00
760,00
760,00
760,00
760,00
760,00
760,00
760,00
760,00
760,00
760,00
760,00
760,00
760,00
760,00
760,00
760,00
760,00
760,00
760,00
760,00
760,00
760,00
760,00
760,00
760,00
760,00
760,00
760,00
760,00
760,00
760,00
760,00
760,00
760,00
760,00
760,00
760,00
760,00
760,00
760,00
760,00
760,00
760,00
760,00
760,00
760,00
760,00
760,00
760,00
760,00
760,00
760,00
760,00
760,00
760,00
760,00
760,00
760,00
816,00
816,00
816,00
816,00
816,00
816,00
816,00
816,00
816,00
816,00
816,00
816,00
816,00
816,00
816,00
816,00
816,00
816,00
816,00
816,00
816,00
816,00
816,00
816,00
816,00
816,00
816,00
816,00
816,00
816,00
816,00
816,00
816,00
816,00
816,00
816,00
816,00
816,00
816,00
816,00
816,00
816,00
816,00
816,00
816,00
816,00
816,00
816,00
816,00
816,00
816,00
816,00
816,00
816,00
816,00
816,00
778,00
778,00
771,00
771,00
771,00
771,00
771,00
771,00
771,00
771,00
771,00
771,00
771,00
771,00
771,00
771,00
771,00
771,00
771,00
771,00
771,00
771,00
771,00
771,00
771,00
771,00
771,00
771,00
771,00
771,00
771,00
771,00
771,00
771,00
771,00
771,00
771,00
771,00
771,00
771,00
771,00
771,00
771,00
771,00

Statistical results
804,87
Mean 804,868000	 	Std Dev 0,000000	 863,00
862,00
848,00
834,00
819,00
819,00
819,00
819,00
819,00
819,00
819,00
819,00
819,00
819,00
819,00
819,00
819,00
819,00
819,00
819,00
819,00
819,00
819,00
819,00
819,00
819,00
819,00
819,00
819,00
819,00
819,00
819,00
819,00
819,00
819,00
819,00
819,00
814,00
814,00
814,00
814,00
814,00
814,00
814,00
814,00
814,00
814,00
814,00
814,00
814,00
814,00
814,00
814,00
814,00
814,00
814,00
814,00
814,00
814,00
814,00
814,00
814,00
814,00
814,00
814,00
814,00
814,00
814,00
814,00
814,00
814,00
814,00
814,00
814,00
814,00
814,00
814,00
814,00
814,00
814,00
814,00
814,00
814,00
814,00
814,00
814,00
814,00
814,00
814,00
814,00
814,00
814,00
814,00
814,00
814,00
814,00
814,00
814,00
814,00
814,00
852,00
852,00
852,00
852,00
852,00
852,00
852,00
852,00
852,00
852,00
852,00
852,00
852,00
839,00
839,00
807,00
807,00
807,00
807,00
807,00
807,00
807,00
807,00
807,00
807,00
807,00
807,00
805,00
805,00
805,00
805,00
805,00
805,00
805,00
805,00
805,00
805,00
805,00
805,00
805,00
805,00
805,00
805,00
805,00
805,00
805,00
805,00
805,00
805,00
805,00
805,00
805,00
805,00
805,00
805,00
805,00
805,00
805,00
805,00
805,00
805,00
805,00
805,00
805,00
805,00
805,00
805,00
805,00
805,00
805,00
805,00
805,00
805,00
805,00
805,00
805,00
805,00
805,00
805,00
805,00
805,00
805,00
805,00
805,00
805,00
805,00
805,00
805,00
805,00
805,00
805,00
805,00
805,00
805,00
805,00
771,00
771,00
771,00
771,00
771,00
867,00
867,00
867,00
867,00
867,00
867,00
867,00
867,00
867,00
867,00
867,00
867,00
867,00
867,00
867,00
867,00
862,00
862,00
862,00
862,00
862,00
862,00
824,00
823,00
822,00
820,00
820,00
804,00
804,00
804,00
804,00
804,00
804,00
804,00
804,00
804,00
804,00
804,00
804,00
804,00
804,00
804,00
804,00
804,00
804,00
804,00
804,00
804,00
804,00
804,00
804,00
804,00
804,00
804,00
804,00
804,00
804,00
804,00
804,00
804,00
804,00
804,00
804,00
804,00
804,00
804,00
804,00
804,00
804,00
804,00
804,00
804,00
804,00
804,00
804,00
804,00
804,00
804,00
804,00
804,00
804,00
804,00
804,00
804,00
804,00
804,00
804,00
804,00
804,00
804,00
804,00
804,00
804,00
804,00
804,00
804,00
804,00
804,00
804,00
804,00
863,00
863,00
834,00
834,00
834,00
834,00
820,00
820,00
820,00
820,00
820,00
820,00
820,00
820,00
820,00
820,00
820,00
820,00
820,00
820,00
820,00
820,00
820,00
820,00
820,00
807,00
807,00
807,00
807,00
807,00
807,00
807,00
807,00
807,00
807,00
807,00
807,00
807,00
807,00
807,00
807,00
807,00
807,00
807,00
807,00
807,00
807,00
807,00
807,00
807,00
807,00
807,00
807,00
807,00
807,00
807,00
807,00
807,00
807,00
807,00
807,00
807,00
807,00
807,00
807,00
807,00
807,00
807,00
807,00
807,00
807,00
807,00
807,00
807,00
807,00
807,00
807,00
807,00
807,00
807,00
807,00
807,00
807,00
807,00
807,00
807,00
807,00
807,00
807,00
807,00
807,00
807,00
807,00
807,00
807,00
807,00
807,00
807,00
794,00
794,00
807,00
807,00
807,00
807,00
804,00
804,00
804,00
804,00
804,00
804,00
804,00
795,00
795,00
795,00
795,00
795,00
795,00
795,00
795,00
795,00
795,00
795,00
795,00
795,00
795,00
795,00
795,00
795,00
795,00
795,00
795,00
795,00
795,00
795,00
795,00
795,00
795,00
795,00
795,00
795,00
795,00
795,00
795,00
795,00
795,00
795,00
795,00
795,00
795,00
795,00
795,00
795,00
795,00
795,00
795,00
795,00
795,00
795,00
795,00
795,00
795,00
795,00
795,00
795,00
795,00
795,00
795,00
795,00
795,00
795,00
795,00
795,00
795,00
795,00
795,00
795,00
795,00
795,00
795,00
795,00
795,00
795,00
795,00
795,00
795,00
795,00
795,00
795,00
795,00
795,00
795,00
795,00
795,00
795,00
795,00
795,00
795,00
795,00
795,00
795,00
849,00
847,00
839,00
830,00
830,00
830,00
830,00
830,00
812,00
812,00
812,00
812,00
812,00
812,00
812,00
812,00
812,00
812,00
812,00
812,00
812,00
812,00
812,00
812,00
812,00
812,00
812,00
812,00
812,00
812,00
812,00
812,00
812,00
812,00
812,00
812,00
812,00
812,00
812,00
812,00
812,00
812,00
812,00
812,00
812,00
812,00
812,00
812,00
812,00
812,00
812,00
812,00
812,00
812,00
812,00
812,00
812,00
812,00
812,00
812,00
812,00
812,00
812,00
812,00
812,00
812,00
812,00
812,00
811,00
811,00
811,00
811,00
811,00
811,00
811,00
811,00
811,00
811,00
811,00
811,00
811,00
811,00
811,00
811,00
811,00
811,00
811,00
811,00
811,00
811,00
811,00
811,00
811,00
811,00
811,00
811,00
811,00
811,00
811,00
811,00
814,00
814,00
814,00
814,00
814,00
814,00
814,00
814,00
814,00
814,00
814,00
814,00
812,00
812,00
812,00
812,00
812,00
812,00
812,00
811,00
811,00
811,00
811,00
811,00
811,00
811,00
811,00
811,00
811,00
811,00
811,00
811,00
811,00
811,00
811,00
811,00
811,00
811,00
811,00
811,00
811,00
811,00
811,00
811,00
811,00
811,00
811,00
811,00
811,00
811,00
811,00
811,00
811,00
811,00
811,00
811,00
811,00
807,00
807,00
807,00
807,00
807,00
807,00
807,00
807,00
807,00
807,00
807,00
807,00
807,00
807,00
807,00
807,00
807,00
807,00
807,00
807,00
807,00
807,00
807,00
807,00
807,00
807,00
807,00
807,00
807,00
807,00
807,00
807,00
807,00
807,00
807,00
807,00
807,00
807,00
807,00
807,00
807,00
807,00
807,00
814,00
814,00
814,00
814,00
814,00
814,00
814,00
814,00
814,00
814,00
814,00
814,00
814,00
814,00
814,00
814,00
814,00
814,00
814,00
814,00
814,00
814,00
814,00
813,00
813,00
813,00
813,00
809,00
809,00
809,00
809,00
809,00
809,00
809,00
809,00
809,00
809,00
809,00
809,00
809,00
809,00
809,00
809,00
809,00
809,00
809,00
809,00
809,00
809,00
809,00
809,00
809,00
809,00
809,00
809,00
809,00
809,00
809,00
809,00
809,00
809,00
809,00
809,00
809,00
809,00
809,00
809,00
809,00
809,00
809,00
809,00
809,00
809,00
809,00
809,00
809,00
809,00
809,00
809,00
809,00
809,00
809,00
809,00
809,00
809,00
809,00
809,00
809,00
809,00
809,00
809,00
809,00
809,00
809,00
809,00
809,00
809,00
809,00
809,00
809,00
812,00
812,00
812,00
812,00
812,00
812,00
812,00
812,00
812,00
812,00
812,00
812,00
812,00
812,00
812,00
812,00
812,00
812,00
812,00
812,00
812,00
812,00
812,00
812,00
812,00
812,00
812,00
812,00
812,00
812,00
812,00
812,00
812,00
812,00
812,00
812,00
812,00
812,00
812,00
812,00
812,00
812,00
812,00
812,00
812,00
812,00
812,00
812,00
812,00
812,00
812,00
812,00
812,00
811,00
811,00
811,00
811,00
811,00
811,00
811,00
811,00
811,00
811,00
811,00
811,00
811,00
811,00
811,00
811,00
811,00
811,00
811,00
811,00
811,00
811,00
811,00
811,00
811,00
811,00
811,00
811,00
811,00
811,00
811,00
811,00
811,00
811,00
811,00
811,00
811,00
811,00
811,00
811,00
811,00
811,00
811,00
811,00
811,00
811,00
811,00
845,00
845,00
845,00
845,00
845,00
814,00
814,00
814,00
814,00
814,00
814,00
814,00
814,00
814,00
814,00
814,00
814,00
814,00
814,00
814,00
814,00
812,00
812,00
812,00
812,00
812,00
812,00
812,00
812,00
812,00
812,00
812,00
812,00
812,00
812,00
812,00
812,00
812,00
812,00
812,00
812,00
812,00
812,00
812,00
812,00
812,00
812,00
812,00
812,00
812,00
812,00
812,00
812,00
812,00
812,00
812,00
812,00
812,00
812,00
812,00
812,00
812,00
812,00
812,00
812,00
812,00
812,00
812,00
812,00
812,00
812,00
812,00
812,00
812,00
812,00
812,00
812,00
812,00
812,00
812,00
812,00
812,00
812,00
812,00
812,00
812,00
812,00
812,00
812,00
812,00
812,00
812,00
812,00
812,00
812,00
812,00
812,00
812,00
812,00
812,00

Statistical results
811,26
Mean 811,255000	 	Std Dev 0,000000	 847,83
835,57
828,50
822,97
822,30
820,53
819,43
818,30
816,63
816,63
816,03
815,83
814,23
814,23
813,77
813,30
813,23
813,23
813,23
813,23
811,53
810,77
810,60
810,20
810,20
808,87
808,80
808,80
807,37
807,33
806,83
806,73
806,27
806,27
806,27
806,13
806,13
805,17
805,17
805,07
805,07
804,20
802,73
802,73
802,73
802,73
802,73
802,53
802,53
802,13
802,10
802,10
802,00
801,77
801,10
801,10
801,10
800,87
800,87
800,87
800,27
800,23
800,20
800,20
800,20
800,20
800,20
800,20
800,20
800,20
800,20
799,27
799,27
799,17
799,13
799,13
799,03
799,03
798,63
798,60
798,60
798,60
798,60
798,60
798,60
798,23
798,20
798,20
798,20
798,20
798,20
798,20
798,20
798,20
798,20
798,20
798,20
798,17
798,17
797,83
830,00
829,73
827,37
823,67
822,13
818,33
816,73
816,40
814,87
813,50
812,77
812,60
811,53
810,00
810,00
809,80
809,77
809,60
809,50
807,50
807,43
806,97
806,97
806,97
806,37
805,80
805,70
805,20
805,07
805,03
805,03
804,80
804,80
803,37
803,37
803,33
803,33
803,33
803,33
802,33
802,20
802,20
802,20
800,93
800,80
800,30
799,87
799,77
799,77
799,70
799,70
798,50
798,50
798,50
798,50
798,50
798,50
798,50
797,90
797,73
797,73
797,17
796,87
796,43
796,00
796,00
795,80
795,80
795,23
795,23
795,23
795,23
795,23
795,23
795,17
795,17
795,17
794,80
794,80
794,17
793,43
792,03
791,57
791,07
790,50
790,50
790,47
790,43
790,40
790,23
790,23
790,23
790,23
790,23
790,23
790,23
790,23
790,23
790,23
789,33
819,63
819,60
817,57
816,63
814,43
813,47
811,60
809,13
806,53
806,47
806,47
805,63
804,80
803,77
802,83
802,43
802,43
802,43
801,13
801,13
801,10
800,13
800,13
799,77
799,77
799,53
797,60
797,30
795,90
795,83
795,83
795,70
795,57
795,47
795,47
795,47
795,27
795,20
795,13
794,87
794,87
794,87
794,57
794,50
794,50
794,00
794,00
794,00
792,73
791,67
791,60
791,60
791,60
791,60
791,60
791,60
791,60
791,60
791,60
791,60
791,60
791,60
791,30
791,30
790,93
790,93
790,93
790,33
790,33
790,33
789,77
789,77
789,33
789,33
789,33
789,10
789,10
789,10
789,03
789,03
788,87
788,87
788,87
788,87
787,57
786,97
786,97
786,80
785,90
785,73
785,73
785,73
784,33
784,33
784,33
784,33
784,33
784,33
784,27
784,23
823,73
816,53
813,83
809,97
809,17
808,73
804,87
803,70
803,70
803,40
802,17
801,97
801,97
801,27
800,70
800,20
799,40
799,40
798,87
797,27
797,27
797,07
796,43
796,43
796,43
795,60
795,60
795,60
794,10
792,93
791,57
791,57
791,57
791,00
791,00
791,00
790,70
790,70
790,53
790,53
790,53
790,40
790,40
790,37
790,03
790,03
789,97
789,53
789,53
789,27
788,53
788,53
788,53
788,53
788,53
788,53
788,53
788,13
788,13
788,13
788,13
788,10
788,10
787,07
787,07
787,07
787,07
787,03
787,03
787,03
786,83
786,83
786,83
786,83
786,83
786,83
786,40
786,40
786,13
786,13
785,77
785,77
785,77
785,77
785,77
785,70
784,93
784,43
784,43
784,43
784,43
784,23
784,20
784,20
784,03
784,00
784,00
784,00
783,53
783,53
818,57
815,80
811,60
810,30
809,73
809,40
805,13
803,57
802,77
801,73
801,70
801,17
801,17
800,13
799,23
798,20
798,13
796,83
796,77
796,77
796,73
796,73
796,73
796,73
795,73
795,73
795,00
795,00
793,83
793,67
792,17
790,87
790,87
789,00
789,00
788,37
788,37
788,37
788,17
788,17
787,63
787,37
786,20
786,20
786,20
786,20
784,60
784,60
783,97
783,80
782,73
782,73
782,73
782,43
782,43
782,43
782,43
781,30
781,30
781,30
781,30
781,30
781,30
781,10
780,97
780,97
780,97
780,97
780,97
780,97
780,97
780,97
780,97
780,97
780,97
780,97
780,40
780,40
780,40
779,33
779,33
779,33
779,33
779,10
779,10
779,10
779,10
779,10
779,10
779,10
779,10
778,47
778,47
778,40
778,23
778,03
778,03
778,03
778,03
778,03
819,67
814,33
811,40
808,60
805,93
805,03
804,60
804,30
803,63
801,50
799,93
799,93
799,93
799,93
798,67
798,30
796,00
796,00
795,63
794,67
794,67
794,27
794,23
794,23
794,13
793,47
793,37
793,37
793,37
791,70
791,70
791,60
790,77
790,77
790,77
790,77
790,50
789,97
789,97
789,97
789,97
789,97
789,57
789,17
789,13
788,97
788,97
788,97
788,97
788,97
788,97
788,97
788,97
788,97
788,97
788,97
788,90
788,90
788,90
787,83
787,83
787,83
787,27
785,83
785,83
785,37
785,33
784,93
784,70
784,63
784,63
784,63
784,63
784,43
784,43
784,43
784,33
784,33
784,33
784,33
784,33
784,33
783,17
783,17
783,17
783,17
783,17
783,17
783,17
783,17
783,17
783,07
783,07
783,07
783,07
782,97
782,97
782,97
782,97
782,70
818,53
813,60
811,10
807,43
806,20
805,90
803,57
801,27
801,13
800,17
800,07
799,90
798,80
798,53
798,53
798,27
797,57
795,67
795,60
794,87
793,93
792,47
791,10
789,80
789,03
789,03
789,03
789,03
789,03
789,03
789,03
788,90
788,10
788,10
788,10
786,67
786,67
785,03
785,03
785,03
785,03
785,03
784,03
784,03
784,03
783,37
782,30
781,50
781,50
781,50
781,50
781,50
781,40
781,40
781,40
781,33
781,33
781,33
781,20
781,20
779,93
779,93
779,83
779,83
779,83
779,83
779,83
779,83
779,83
779,83
779,83
779,73
779,73
779,73
779,73
779,40
779,03
779,03
779,03
778,93
778,93
778,93
778,93
778,63
778,63
778,53
778,53
778,47
778,47
778,47
778,47
778,47
778,47
778,40
778,40
778,40
778,40
777,70
777,70
777,70
819,97
818,23
814,83
812,10
811,90
809,77
807,40
807,27
805,40
805,40
803,40
803,33
802,13
801,77
801,27
800,60
800,60
800,40
799,50
799,50
798,97
798,00
798,00
796,77
796,77
796,77
795,00
794,67
793,60
793,27
791,37
791,37
791,37
791,03
789,50
789,50
788,53
788,37
788,37
788,23
787,87
787,87
787,87
787,37
787,33
787,33
787,33
786,63
786,27
784,73
784,47
784,47
784,47
784,47
784,47
784,13
783,70
783,50
783,17
782,27
782,27
781,60
781,23
781,23
781,23
781,23
781,23
780,97
780,97
780,97
780,97
780,97
780,13
780,13
780,13
780,03
779,97
779,97
779,60
779,30
779,30
779,30
779,30
779,30
779,30
779,27
779,27
779,23
779,23
779,23
778,87
778,80
778,80
778,80
778,80
778,80
778,80
778,80
778,80
778,77
821,70
819,00
814,77
812,83
809,57
809,20
806,43
806,20
804,17
802,60
802,60
801,63
796,80
796,47
796,23
794,87
794,87
794,53
792,43
792,10
790,87
790,87
789,63
789,13
789,13
789,13
789,13
789,13
789,13
789,13
789,03
788,63
788,63
786,47
786,07
785,40
785,40
785,10
785,03
785,03
784,67
784,67
784,60
784,30
784,30
784,23
783,10
783,10
783,10
783,10
783,10
783,10
783,10
783,10
783,10
783,10
783,10
783,10
783,10
783,10
783,07
782,83
780,83
780,73
780,73
780,73
780,43
780,13
780,13
780,13
779,43
779,43
779,43
779,43
779,43
779,43
779,43
779,43
779,43
779,43
779,03
779,03
779,03
779,03
779,03
778,40
778,00
778,00
778,00
777,83
777,83
777,63
777,63
777,63
777,63
777,63
777,63
777,63
777,63
777,63
823,30
819,20
814,33
810,03
809,87
807,83
806,47
806,47
802,33
802,27
800,47
800,33
799,67
797,63
795,57
795,37
795,37
793,77
793,47
793,47
793,47
793,47
793,47
792,77
792,77
791,17
790,17
787,63
787,10
786,60
786,60
786,33
786,33
786,33
786,33
786,33
786,33
786,33
786,20
786,20
786,03
786,03
786,03
785,83
785,83
785,83
785,83
785,83
785,83
785,73
785,73
785,73
785,67
784,40
784,27
784,27
784,27
783,97
782,37
782,17
781,80
781,63
781,63
781,63
781,63
781,63
780,73
780,53
780,53
780,43
780,43
780,27
780,23
779,80
779,77
779,77
779,57
779,57
779,57
779,57
779,57
779,57
779,57
779,57
779,57
779,57
779,50
779,50
779,50
779,50
779,50
779,03
779,03
779,03
779,03
778,43
776,90
776,33
776,33
776,30

Statistical results
787,19
809,79
776,44
813,83
816,37
772,71
773,96
817,22
776,72
811,34
781,46
789,25
802,42
787,04
795,95
829,57
794,65
788,66
780,51
786,61
785,51
819,08
770,25
773,34
778,88
770,23
775,39
791,71
821,37
785,83
Mean 792,108200	 	Std Dev 17,489805	 