1419,97
1386,17
1371,97
1363,73
1358,07
1353,87
1351,77
1345,87
1345,27
1341,63
1336,30
1334,80
1334,57
1332,47
1330,63
1329,60
1329,00
1327,97
1326,30
1325,73
1324,60
1323,43
1321,87
1320,77
1319,30
1318,87
1318,50
1317,83
1316,83
1316,00
1314,13
1312,83
1312,27
1311,40
1309,87
1309,50
1308,90
1307,77
1307,50
1306,50
1306,33
1305,80
1305,47
1305,43
1305,07
1304,17
1303,33
1302,93
1302,60
1301,87
1301,20
1300,70
1299,93
1299,83
1299,77
1299,23
1298,97
1298,63
1297,63
1297,30
1296,77
1295,37
1295,03
1294,83
1294,40
1293,97
1293,67
1292,63
1292,47
1292,43
1292,40
1292,37
1292,07
1291,53
1291,10
1290,97
1290,77
1290,43
1290,40
1290,40
1290,17
1290,00
1289,30
1288,67
1288,40
1288,30
1287,83
1287,73
1287,43
1287,37
1286,97
1286,43
1286,17
1285,50
1285,30
1285,10
1285,03
1284,87
1284,80
1284,73
1467,43
1400,70
1385,20
1373,97
1362,97
1358,33
1356,63
1354,73
1350,93
1345,83
1344,00
1338,93
1337,87
1334,83
1333,10
1332,20
1330,03
1329,30
1324,97
1323,27
1321,87
1320,77
1319,47
1317,60
1316,70
1315,20
1313,70
1311,50
1310,73
1310,40
1309,27
1307,50
1307,00
1306,73
1306,60
1305,33
1303,70
1303,03
1301,83
1301,67
1300,67
1300,40
1299,90
1299,67
1299,50
1299,23
1298,83
1298,40
1298,23
1297,83
1296,90
1296,53
1296,50
1296,00
1295,63
1295,63
1295,23
1294,70
1294,63
1294,50
1294,40
1294,23
1294,17
1294,13
1293,87
1293,80
1293,77
1293,63
1293,47
1293,33
1293,30
1293,03
1293,00
1292,83
1292,50
1292,43
1291,87
1291,50
1291,00
1291,00
1290,80
1290,77
1290,43
1290,37
1290,37
1289,87
1289,83
1289,70
1289,33
1289,33
1289,10
1288,33
1288,27
1288,23
1288,07
1287,93
1287,63
1287,37
1287,07
1286,70
1483,60
1408,53
1391,13
1377,20
1369,00
1363,90
1359,50
1357,40
1352,97
1349,10
1343,63
1340,97
1339,30
1336,43
1334,47
1333,70
1332,00
1329,87
1327,70
1326,30
1323,40
1322,80
1320,77
1319,43
1319,00
1318,43
1317,93
1317,67
1316,33
1314,87
1314,67
1314,03
1313,43
1311,23
1308,83
1307,43
1306,90
1305,60
1304,17
1303,83
1303,23
1303,03
1302,80
1302,13
1301,40
1301,13
1300,90
1300,43
1300,37
1299,67
1299,27
1298,53
1298,17
1297,57
1296,90
1296,27
1295,23
1294,20
1293,40
1293,27
1292,33
1291,50
1291,07
1290,83
1289,03
1288,97
1288,37
1287,87
1287,53
1286,50
1285,27
1284,80
1283,87
1283,47
1283,23
1282,90
1282,40
1282,23
1282,07
1281,77
1281,53
1281,27
1281,00
1281,00
1280,77
1280,33
1280,10
1279,73
1279,40
1278,83
1278,83
1278,23
1278,20
1277,93
1277,67
1276,93
1276,80
1276,43
1276,37
1276,23
1482,03
1410,70
1380,70
1365,10
1355,60
1348,20
1343,77
1340,50
1336,27
1333,87
1331,47
1328,50
1323,87
1321,97
1319,67
1317,67
1316,27
1315,43
1313,87
1312,50
1311,73
1310,47
1309,70
1308,57
1307,50
1306,93
1305,70
1304,67
1303,27
1302,67
1302,33
1301,80
1301,00
1299,47
1299,03
1297,70
1297,63
1296,60
1295,50
1294,83
1294,77
1294,33
1293,90
1293,37
1293,17
1292,87
1292,73
1291,90
1290,87
1289,87
1289,30
1289,00
1288,40
1287,83
1287,73
1287,70
1287,13
1286,63
1286,47
1286,30
1286,30
1286,30
1285,87
1285,53
1285,27
1285,13
1285,07
1284,73
1284,70
1284,60
1284,20
1283,00
1282,63
1282,57
1282,43
1282,40
1282,27
1282,07
1282,07
1282,00
1281,83
1281,73
1281,37
1281,10
1281,07
1281,03
1280,93
1280,93
1280,53
1280,37
1280,33
1280,30
1280,30
1280,27
1280,17
1280,10
1279,57
1279,30
1279,23
1279,20
1469,33
1364,73
1340,10
1327,50
1320,67
1316,23
1312,47
1310,47
1309,30
1307,77
1307,33
1305,63
1303,13
1302,93
1301,77
1301,17
1299,07
1298,47
1297,03
1296,03
1294,87
1294,33
1294,33
1292,70
1292,30
1291,70
1291,60
1291,47
1290,80
1290,43
1290,03
1289,57
1289,03
1288,93
1288,70
1288,67
1288,60
1288,33
1288,27
1288,07
1287,70
1287,70
1287,13
1287,00
1286,70
1286,50
1286,30
1286,17
1286,07
1285,90
1285,73
1285,73
1285,70
1285,57
1285,27
1285,27
1285,20
1285,10
1284,67
1284,27
1284,17
1284,00
1283,93
1283,63
1283,47
1282,40
1282,33
1282,17
1282,13
1281,87
1281,77
1281,73
1281,63
1281,60
1280,97
1280,57
1280,50
1280,37
1280,17
1279,97
1279,80
1279,43
1279,33
1278,43
1278,07
1278,00
1278,00
1278,00
1277,97
1277,70
1277,53
1277,50
1277,40
1277,40
1277,40
1277,40
1277,30
1277,20
1277,20
1276,80
1476,93
1386,87
1364,40
1355,00
1344,13
1336,17
1329,77
1326,20
1323,93
1318,60
1318,07
1317,20
1312,90
1310,50
1308,90
1308,13
1307,53
1306,77
1305,47
1303,80
1301,97
1301,03
1300,90
1299,57
1299,47
1299,33
1298,93
1298,90
1298,50
1298,10
1296,83
1296,27
1295,60
1295,40
1293,57
1293,40
1293,03
1292,70
1292,60
1292,20
1292,17
1290,80
1290,37
1289,60
1289,10
1288,93
1288,87
1288,53
1288,20
1287,87
1287,23
1286,50
1285,97
1285,70
1285,20
1285,10
1285,10
1285,10
1284,67
1283,50
1283,07
1282,57
1281,90
1281,90
1281,60
1281,33
1280,70
1280,47
1280,43
1280,33
1280,30
1280,20
1279,70
1279,57
1279,50
1279,27
1279,07
1278,87
1278,63
1278,57
1278,50
1278,33
1278,27
1278,10
1278,07
1278,07
1278,07
1278,03
1277,40
1277,37
1276,80
1276,67
1276,23
1276,17
1276,13
1275,90
1275,63
1275,53
1275,37
1275,33
1486,03
1395,57
1370,97
1356,13
1343,43
1339,03
1333,37
1331,67
1326,83
1320,70
1318,27
1317,60
1316,80
1313,83
1312,40
1310,23
1310,17
1309,27
1307,60
1307,43
1307,03
1306,33
1305,47
1303,90
1303,70
1303,23
1301,93
1301,40
1300,67
1300,17
1300,13
1299,93
1299,87
1299,77
1299,37
1299,20
1298,73
1298,27
1298,17
1297,67
1296,40
1295,77
1294,93
1292,83
1292,30
1291,77
1291,13
1290,57
1290,53
1289,77
1289,70
1289,37
1288,83
1288,77
1288,30
1287,37
1286,90
1285,87
1284,23
1284,17
1283,90
1283,90
1283,33
1282,93
1282,53
1281,77
1281,73
1281,67
1281,50
1281,40
1281,17
1281,13
1281,07
1281,07
1280,93
1280,70
1280,37
1280,17
1279,40
1279,33
1279,03
1278,83
1278,77
1278,63
1278,63
1278,23
1278,17
1278,10
1277,97
1277,83
1277,73
1277,57
1277,30
1276,90
1276,90
1276,90
1276,83
1276,80
1276,37
1275,63
1470,17
1371,70
1348,27
1337,57
1328,07
1324,67
1318,30
1311,53
1308,20
1304,93
1303,97
1301,53
1300,07
1297,50
1297,37
1296,27
1294,60
1293,10
1291,50
1290,37
1289,20
1288,50
1287,83
1286,37
1285,53
1285,23
1284,37
1282,80
1282,00
1281,27
1280,17
1279,67
1279,33
1278,67
1278,17
1278,10
1275,97
1274,97
1274,07
1274,07
1273,80
1272,87
1272,77
1272,37
1271,57
1271,43
1271,10
1270,90
1270,87
1270,77
1270,63
1270,17
1269,77
1269,33
1269,30
1269,23
1269,07
1269,07
1269,07
1268,40
1268,33
1268,17
1267,73
1267,47
1267,23
1266,67
1266,50
1266,40
1265,97
1265,93
1265,83
1265,80
1265,57
1265,47
1265,20
1264,77
1264,70
1264,70
1264,67
1264,53
1264,40
1263,83
1263,77
1263,77
1263,47
1263,30
1263,27
1263,23
1263,20
1262,47
1262,43
1262,30
1262,23
1262,23
1262,23
1262,07
1262,03
1261,93
1261,87
1261,87
1487,17
1364,07
1339,40
1328,53
1324,43
1318,43
1312,33
1309,23
1306,10
1302,03
1299,30
1297,03
1294,50
1293,50
1292,43
1290,90
1290,47
1290,23
1290,03
1289,90
1289,50
1288,70
1288,30
1287,53
1287,10
1287,07
1287,03
1286,67
1286,63
1286,60
1286,30
1286,27
1286,00
1285,63
1285,13
1285,00
1284,23
1283,80
1283,30
1283,30
1283,27
1283,10
1282,90
1282,83
1282,83
1282,80
1282,63
1282,33
1281,93
1281,90
1281,80
1281,70
1281,53
1280,87
1280,50
1280,37
1280,30
1280,17
1280,10
1280,10
1279,90
1279,67
1279,63
1279,57
1279,43
1279,40
1279,33
1279,23
1278,73
1278,57
1278,13
1278,13
1278,03
1277,80
1277,80
1277,63
1277,60
1277,33
1277,17
1276,87
1276,87
1276,73
1276,73
1276,30
1276,03
1275,83
1275,67
1275,23
1274,90
1274,90
1274,77
1274,73
1274,73
1274,73
1274,70
1274,37
1274,37
1274,23
1274,23
1273,80
1474,73
1377,33
1353,67
1334,27
1326,97
1321,50
1318,87
1312,13
1310,70
1308,47
1307,30
1306,13
1304,80
1302,47
1301,40
1299,90
1297,67
1296,43
1295,50
1294,47
1293,87
1292,90
1292,90
1291,83
1291,83
1291,77
1291,63
1291,57
1291,07
1291,07
1291,07
1290,70
1290,57
1290,00
1289,93
1289,57
1289,43
1289,37
1287,80
1287,37
1286,57
1286,20
1285,93
1285,90
1285,83
1285,77
1285,60
1284,57
1284,57
1284,37
1283,67
1283,23
1283,07
1283,03
1283,03
1282,70
1282,10
1281,70
1281,20
1280,40
1280,37
1279,93
1279,40
1279,40
1279,30
1278,83
1278,77
1278,73
1278,33
1277,93
1277,87
1277,83
1277,23
1276,37
1275,70
1275,70
1275,47
1275,47
1275,23
1275,10
1274,77
1274,30
1274,23
1274,13
1274,07
1273,80
1273,77
1273,67
1273,57
1273,40
1273,37
1273,37
1273,27
1273,07
1272,90
1272,83
1272,47
1272,20
1271,30
1270,87

Statistical results
1313,54
1279,50
1312,75
1317,31
1276,80
1302,36
1282,30
1293,30
1309,72
1291,33
1291,32
1300,06
1296,24
1300,80
1310,86
1289,08
1313,46
1299,04
1300,78
1280,81
1299,63
1305,09
1286,84
1287,78
1287,43
1296,62
1303,42
1273,79
1293,00
1302,89
Mean 1296,595433	 	Std Dev 11,659251	 